50
0 11 1
1 3 2
2 11 3
3 11 7 
4 11 5
5 12 13
6 7 8
6 12 7
7 8 1
7 13 10
8 14 11
9 10 3
9 14 7
9 16 5
10 16 9
10 18 3
11 3 7
12 22 8
13 22 14
15 17 8
15 23 7
17 18 1
18 10 3
18 21 12
19 20 7
19 28 9
20 21 1
20 28 8
20 49 22
21 49 20
22 11 11
22 23 1
23 25 3
24 26 7
24 30 9
26 27 1
26 31 8
27 28 1
27 32 5
28 34 6
29 37 12
30 38 8
30 39 11
31 39 9
32 40 8
33 34 2
33 41 8
34 35 9
34 42 8
35 36 7
35 43 8
35 44 9
36 45 7
37 38 1
38 40 6
40 46 6
41 43 2
41 47 6
43 44 17
43 48 5
44 47 3
45 36 7
45 48 3 
45 49 10
46 47 1